74.3338394;
75.3479957;
78.3105469;
79.3789584;
82.5000000;
83.6255693;
84.7664951;
88.0993652;
89.3013282;
92.8125000;
94.0787655;
99.1117859;
100.4639942;
104.4140625;
105.8386112;
110.0000000;
111.5007591;
113.0219935;
117.4658203;
119.0684376;
123.7500000;
125.4383540;
127.1497427;
132.1490479;
133.9519923;
139.2187500;
141.1181483;
148.6676789;
150.6959913;
156.6210937;
158.7579168;
165.0000000;
167.2511387;
169.5329903;
176.1987305;
178.6026564;
185.6250000;
188.1575310;
198.2235718;
200.9279884;
208.8281250;
211.6772224;
220.0000000;
223.0015182;
226.0439870;
234.9316406;
238.1368751;
247.5000000;
250.8767080;
254.2994855;
264.2980957;
267.9039846;
278.4374999;
282.2362966;
297.3353577;
301.3919827;
313.2421875;
317.5158337;
330.0000000;
334.5022773;
339.0659806;
352.3974610;
357.2053127;
371.2500001;
376.3150621;
396.4471436;
401.8559769;
417.6562499;
423.3544449;
440.0000000;
446.0030364;
452.0879741;
469.8632812;
476.2737503;
495.0000001;
501.7534160;
508.5989709;
528.5961915;
535.8079691;
556.8749999;
564.4725931;
594.6707155;
602.7839654;
626.4843749;
635.0316674;
660.0000001;
669.0045547;
678.1319612;
704.7949219;
714.4106255;
742.5000002;
752.6301241;
792.8942873;
803.7119538;
835.3124998;
846.7088897;
880.0000000;
892.0060728;
904.1759481;
939.7265625;
952.5475006;
990.0000002;
1003.5068321;
1017.1979418;
1057.1923829;
1071.6159383;
1113.7499997;
1128.9451862;
1189.3414310;
1205.5679308;
1252.9687499;
1270.0633347;
1320.0000001;
1338.0091093;
1356.2639223;
1409.5898438;
1428.8212510;
1485.0000003;
1505.2602482;
1585.7885745;
1607.4239076;
1670.6249997;
1693.4177795;
1760.0000000;
1784.0121456;
1808.3518963;
1879.4531249;
1905.0950011;
