0 193 11;
0 195 46;
0 179 0 0;
0 180 7 64;
0 179 7 127;
0 181 7 100;
0 148 72 79;
0 177 7 100;
0 177 0 0;
0 196 104;
0 180 0 0;
365.853 132 72 0;
365.853 148 71 79;
548.779 148 72 79;
548.779 132 71 0;
731.706 132 72 0;
731.706 148 69 79;
1097.56 132 69 0;
1097.56 148 72 79;
1463.41 132 72 0;
1463.41 148 71 79;
1646.34 132 71 0;
1646.34 148 72 79;
1829.27 132 72 0;
1829.27 148 69 79;
2195.12 132 69 0;
2195.12 148 72 79;
2560.97 132 72 0;
2560.97 148 71 79;
2743.9 148 72 79;
2743.9 132 71 0;
2926.82 148 69 79;
2926.82 132 72 0;
3292.68 148 72 79;
3292.68 132 69 0;
3658.53 132 72 0;
3658.53 148 71 79;
3841.46 148 72 79;
3841.46 132 71 0;
4024.38 148 69 79;
4024.38 132 72 0;
4390.24 132 69 0;
4390.24 148 72 79;
4390.24 145 64 95;
4756.09 148 71 79;
4756.09 132 72 0;
4939.02 148 72 79;
4939.02 132 71 0;
5121.94 148 69 79;
5121.94 132 72 0;
5487.79 145 62 95;
5487.79 129 64 0;
5487.79 132 69 0;
5487.79 148 72 79;
5853.65 132 72 0;
5853.65 148 71 79;
6036.57 148 72 79;
6036.57 132 71 0;
6219.5 148 69 79;
6219.5 132 72 0;
6585.35 129 62 0;
6585.35 148 72 79;
6585.35 132 69 0;
6585.35 145 60 95;
6951.21 132 72 0;
6951.21 148 71 79;
7134.13 148 72 79;
7134.13 132 71 0;
7317.06 148 69 79;
7317.06 132 72 0;
7682.91 132 69 0;
7682.91 148 72 79;
7682.91 129 60 0;
7682.91 145 59 95;
8048.76 132 72 0;
8048.76 148 71 79;
8231.69 132 71 0;
8231.69 148 72 79;
8414.62 132 72 0;
8414.62 148 69 79;
8780.47 148 72 79;
8780.47 129 59 0;
8780.47 147 72 127;
8780.47 145 64 95;
8780.47 132 69 0;
9146.32 147 71 111;
9146.32 148 71 79;
9146.32 132 72 0;
9146.32 131 72 0;
9329.25 131 71 0;
9329.25 132 71 0;
9329.25 148 72 79;
9329.25 147 72 111;
9512.18 132 72 0;
9512.18 147 69 111;
9512.18 148 69 79;
9512.18 131 72 0;
9878.03 131 69 0;
9878.03 147 72 127;
9878.03 129 64 0;
9878.03 148 72 79;
9878.03 132 69 0;
9878.03 145 62 95;
10243.9 132 72 0;
10243.9 148 71 79;
10243.9 131 72 0;
10243.9 147 71 111;
10426.8 131 71 0;
10426.8 132 71 0;
10426.8 147 72 111;
10426.8 148 72 79;
10609.7 147 69 111;
10609.7 132 72 0;
10609.7 148 69 79;
10609.7 131 72 0;
10975.6 148 72 79;
10975.6 131 69 0;
10975.6 132 69 0;
10975.6 145 60 95;
10975.6 147 72 127;
10975.6 129 62 0;
11341.4 132 72 0;
11341.4 147 71 111;
11341.4 131 72 0;
11341.4 148 71 79;
11524.4 148 72 79;
11524.4 147 72 111;
11524.4 132 71 0;
11524.4 131 71 0;
11707.3 148 69 79;
11707.3 132 72 0;
11707.3 131 72 0;
11707.3 147 69 111;
12073.1 147 72 127;
12073.1 148 72 79;
12073.1 129 60 0;
12073.1 145 59 95;
12073.1 132 69 0;
12073.1 131 69 0;
12439 131 72 0;
12439 147 71 111;
12439 148 71 79;
12439 132 72 0;
12621.9 131 71 0;
12621.9 148 72 79;
12621.9 132 71 0;
12621.9 147 72 111;
12804.9 131 72 0;
12804.9 148 69 79;
12804.9 132 72 0;
12804.9 147 69 111;
13170.7 147 76 127;
13170.7 148 72 99;
13170.7 145 52 95;
13170.7 145 64 95;
13170.7 148 64 95;
13170.7 132 69 0;
13170.7 147 72 127;
13170.7 129 59 0;
13170.7 131 69 0;
13536.6 132 64 0;
13536.6 131 76 0;
13536.6 147 74 111;
13536.6 147 71 111;
13536.6 148 71 95;
13536.6 132 72 0;
13536.6 148 62 95;
13536.6 131 72 0;
13719.5 131 71 0;
13719.5 131 74 0;
13719.5 147 76 111;
13719.5 147 72 111;
13719.5 148 72 95;
13719.5 132 71 0;
13902.4 147 72 111;
13902.4 131 72 0;
13902.4 148 60 95;
13902.4 147 69 111;
13902.4 132 62 0;
13902.4 131 76 0;
13902.4 132 72 0;
13902.4 148 69 95;
14268.3 147 76 127;
14268.3 148 62 95;
14268.3 148 72 99;
14268.3 132 69 0;
14268.3 131 69 0;
14268.3 131 72 0;
14268.3 129 64 0;
14268.3 145 62 95;
14268.3 145 50 95;
14268.3 132 60 0;
14268.3 129 52 0;
14268.3 147 72 127;
14634.1 148 71 95;
14634.1 131 76 0;
14634.1 147 74 111;
14634.1 131 72 0;
14634.1 132 62 0;
14634.1 132 72 0;
14634.1 147 71 111;
14634.1 148 60 95;
14817 147 76 111;
14817 147 72 111;
14817 131 71 0;
14817 148 72 95;
14817 132 71 0;
14817 131 74 0;
15000 131 72 0;
15000 148 69 95;
15000 148 59 95;
15000 132 72 0;
15000 132 60 0;
15000 131 76 0;
15000 147 69 111;
15000 147 72 111;
15365.8 129 62 0;
15365.8 132 59 0;
15365.8 148 72 99;
15365.8 148 60 95;
15365.8 131 72 0;
15365.8 145 60 95;
15365.8 147 72 127;
15365.8 145 48 95;
15365.8 132 69 0;
15365.8 131 69 0;
15365.8 147 76 127;
15365.8 129 50 0;
15731.7 132 60 0;
15731.7 131 76 0;
15731.7 148 71 95;
15731.7 147 71 111;
15731.7 148 59 95;
15731.7 132 72 0;
15731.7 131 72 0;
15731.7 147 74 111;
15914.6 147 76 111;
15914.6 147 72 111;
15914.6 131 71 0;
15914.6 148 72 95;
15914.6 132 71 0;
15914.6 131 74 0;
16097.5 148 57 95;
16097.5 131 72 0;
16097.5 131 76 0;
16097.5 132 59 0;
16097.5 147 69 111;
16097.5 132 72 0;
16097.5 147 72 111;
16097.5 148 69 95;
16463.4 131 69 0;
16463.4 147 76 127;
16463.4 147 72 127;
16463.4 129 48 0;
16463.4 129 60 0;
16463.4 148 59 95;
16463.4 145 47 95;
16463.4 132 57 0;
16463.4 131 72 0;
16463.4 145 59 95;
16463.4 148 72 103;
16463.4 132 69 0;
16829.2 131 76 0;
16829.2 132 72 0;
16829.2 132 59 0;
16829.2 147 71 111;
16829.2 148 71 95;
16829.2 147 74 111;
16829.2 148 57 95;
16829.2 131 72 0;
17012.2 147 72 111;
17012.2 148 72 95;
17012.2 132 71 0;
17012.2 131 71 0;
17012.2 147 76 111;
17012.2 131 74 0;
17195.1 147 72 111;
17195.1 131 76 0;
17195.1 147 69 111;
17195.1 131 72 0;
17195.1 132 72 0;
17195.1 148 69 95;
17195.1 148 59 95;
17195.1 132 57 0;
17560.9 129 59 0;
17560.9 147 72 127;
17560.9 147 81 127;
17560.9 148 64 95;
17560.9 131 69 0;
17560.9 131 72 0;
17560.9 132 59 0;
17560.9 132 69 0;
17560.9 129 47 0;
17560.9 145 52 95;
17560.9 148 72 99;
17560.9 145 64 95;
17926.8 131 72 0;
17926.8 148 71 95;
17926.8 132 72 0;
17926.8 131 81 0;
17926.8 147 81 127;
17926.8 147 71 111;
17926.8 132 64 0;
17926.8 148 62 95;
18109.7 132 71 0;
18109.7 131 81 0;
18109.7 131 71 0;
18109.7 147 79 127;
18109.7 148 72 95;
18109.7 147 72 111;
18292.6 147 77 127;
18292.6 132 62 0;
18292.6 148 60 95;
18292.6 132 72 0;
18292.6 131 72 0;
18292.6 147 69 111;
18292.6 131 79 0;
18292.6 148 69 95;
18475.6 131 77 0;
18475.6 147 74 127;
18658.5 129 64 0;
18658.5 148 72 99;
18658.5 145 50 95;
18658.5 129 52 0;
18658.5 132 60 0;
18658.5 145 62 95;
18658.5 147 72 127;
18658.5 148 62 95;
18658.5 132 69 0;
18658.5 147 76 127;
18658.5 131 74 0;
18658.5 131 69 0;
19024.3 148 71 95;
19024.3 131 76 0;
19024.3 147 71 111;
19024.3 148 60 95;
19024.3 131 72 0;
19024.3 132 72 0;
19024.3 147 76 127;
19024.3 132 62 0;
19207.3 132 71 0;
19207.3 147 77 127;
19207.3 147 72 111;
19207.3 131 71 0;
19207.3 131 76 0;
19207.3 148 72 95;
19390.2 147 69 111;
19390.2 131 77 0;
19390.2 132 60 0;
19390.2 132 72 0;
19390.2 148 59 95;
19390.2 148 69 95;
19390.2 131 72 0;
19390.2 147 76 127;
19573.1 131 76 0;
19573.1 147 72 127;
19756.1 148 72 99;
19756.1 147 74 127;
19756.1 131 72 0;
19756.1 131 69 0;
19756.1 132 59 0;
19756.1 147 72 127;
19756.1 129 50 0;
19756.1 129 62 0;
19756.1 145 60 95;
19756.1 145 48 95;
19756.1 132 69 0;
19756.1 148 60 95;
20121.9 132 72 0;
20121.9 131 74 0;
20121.9 147 71 111;
20121.9 132 60 0;
20121.9 148 71 95;
20121.9 131 72 0;
20121.9 147 74 127;
20121.9 148 59 95;
20304.8 147 72 111;
20304.8 131 71 0;
20304.8 131 74 0;
20304.8 132 71 0;
20304.8 148 72 95;
20304.8 147 76 127;
20487.8 131 72 0;
20487.8 132 72 0;
20487.8 148 57 95;
20487.8 148 69 95;
20487.8 147 74 127;
20487.8 147 69 111;
20487.8 132 59 0;
20487.8 131 76 0;
20670.7 131 74 0;
20670.7 147 72 127;
20853.6 147 72 127;
20853.6 131 72 0;
20853.6 145 47 95;
20853.6 147 69 127;
20853.6 145 59 95;
20853.6 129 48 0;
20853.6 148 72 103;
20853.6 148 59 95;
20853.6 132 57 0;
20853.6 129 60 0;
20853.6 132 69 0;
20853.6 131 69 0;
21219.5 131 72 0;
21219.5 147 71 111;
21219.5 132 72 0;
21219.5 132 59 0;
21219.5 148 71 95;
21219.5 148 57 95;
21402.4 147 72 111;
21402.4 148 72 95;
21402.4 132 71 0;
21402.4 131 71 0;
21585.3 147 69 127;
21585.3 148 59 95;
21585.3 131 72 0;
21585.3 148 69 95;
21585.3 132 57 0;
21585.3 132 72 0;
21585.3 131 69 0;
21951.2 147 76 127;
21951.2 145 64 95;
21951.2 129 59 0;
21951.2 129 47 0;
21951.2 147 64 127;
21951.2 147 74 127;
21951.2 145 52 95;
21951.2 132 69 0;
21951.2 132 59 0;
21951.2 148 72 99;
21951.2 148 64 95;
21951.2 147 72 127;
21951.2 131 69 0;
22134.1 147 65 127;
22134.1 131 74 0;
22134.1 131 76 0;
22134.1 131 64 0;
22317 132 64 0;
22317 131 72 0;
22317 147 67 127;
22317 148 62 95;
22317 148 71 95;
22317 131 65 0;
22317 147 71 111;
22317 132 72 0;
22499.9 148 72 95;
22499.9 147 69 127;
22499.9 131 67 0;
22499.9 147 72 111;
22499.9 132 71 0;
22499.9 131 71 0;
22682.9 132 62 0;
22682.9 148 60 95;
22682.9 131 69 0;
22682.9 132 72 0;
22682.9 148 69 95;
22682.9 147 71 127;
22682.9 131 72 0;
22682.9 147 69 111;
22865.8 147 72 127;
22865.8 131 71 0;
23048.7 131 72 0;
23048.7 132 69 0;
23048.7 148 72 99;
23048.7 148 62 95;
23048.7 132 60 0;
23048.7 147 74 127;
23048.7 147 72 127;
23048.7 145 50 95;
23048.7 129 64 0;
23048.7 129 52 0;
23048.7 131 69 0;
23048.7 145 62 95;
23231.6 131 74 0;
23231.6 147 76 127;
23414.6 147 71 111;
23414.6 131 76 0;
23414.6 148 71 95;
23414.6 147 74 127;
23414.6 131 72 0;
23414.6 132 72 0;
23414.6 132 62 0;
23414.6 148 60 95;
23597.5 148 72 95;
23597.5 147 72 111;
23597.5 131 71 0;
23597.5 132 71 0;
23780.4 131 72 0;
23780.4 148 59 95;
23780.4 132 60 0;
23780.4 131 74 0;
23780.4 147 69 111;
23780.4 132 72 0;
23780.4 147 72 127;
23780.4 148 69 95;
24146.3 131 69 0;
24146.3 131 72 0;
24146.3 148 60 95;
24146.3 148 72 99;
24146.3 132 59 0;
24146.3 147 64 127;
24146.3 132 69 0;
24146.3 145 60 95;
24146.3 129 62 0;
24146.3 129 50 0;
24146.3 145 48 95;
24146.3 147 72 127;
24329.2 131 64 0;
24329.2 147 65 127;
24512.1 132 60 0;
24512.1 132 72 0;
24512.1 147 71 111;
24512.1 148 59 95;
24512.1 147 67 127;
24512.1 131 65 0;
24512.1 148 71 95;
24512.1 131 72 0;
24695.1 132 71 0;
24695.1 148 72 95;
24695.1 147 69 127;
24695.1 147 72 111;
24695.1 131 71 0;
24695.1 131 67 0;
24878 147 69 111;
24878 148 57 95;
24878 132 72 0;
24878 148 69 95;
24878 131 69 0;
24878 147 71 127;
24878 132 59 0;
24878 131 72 0;
25060.9 147 72 127;
25060.9 131 71 0;
25243.8 148 72 103;
25243.8 148 59 95;
25243.8 132 57 0;
25243.8 132 69 0;
25243.8 129 48 0;
25243.8 131 72 0;
25243.8 145 59 95;
25243.8 147 74 127;
25243.8 147 72 127;
25243.8 129 60 0;
25243.8 145 47 95;
25243.8 131 69 0;
25426.8 147 76 127;
25426.8 131 74 0;
25609.7 148 57 95;
25609.7 148 71 95;
25609.7 131 76 0;
25609.7 132 72 0;
25609.7 131 72 0;
25609.7 147 71 111;
25609.7 147 74 127;
25609.7 132 59 0;
25792.6 148 72 95;
25792.6 147 72 111;
25792.6 132 71 0;
25792.6 131 71 0;
25975.5 131 74 0;
25975.5 147 72 127;
25975.5 147 69 111;
25975.5 132 57 0;
25975.5 132 72 0;
25975.5 148 59 95;
25975.5 131 72 0;
25975.5 148 69 95;
26341.4 132 69 0;
26341.4 145 64 95;
26341.4 129 59 0;
26341.4 148 72 99;
26341.4 147 84 127;
26341.4 145 52 95;
26341.4 131 69 0;
26341.4 131 72 0;
26341.4 148 57 99;
26341.4 132 59 0;
26341.4 147 76 127;
26341.4 148 64 95;
26341.4 147 72 127;
26341.4 129 47 0;
26707.2 147 71 111;
26707.2 132 64 0;
26707.2 132 72 0;
26707.2 132 57 0;
26707.2 148 71 95;
26707.2 147 83 111;
26707.2 131 84 0;
26707.2 131 76 0;
26707.2 147 74 111;
26707.2 148 62 95;
26707.2 131 72 0;
26890.2 147 72 111;
26890.2 148 72 95;
26890.2 131 83 0;
26890.2 147 76 111;
26890.2 131 71 0;
26890.2 131 74 0;
26890.2 147 84 111;
26890.2 132 71 0;
27073.1 148 69 95;
27073.1 131 72 0;
27073.1 131 76 0;
27073.1 147 72 111;
27073.1 131 84 0;
27073.1 147 69 111;
27073.1 148 60 95;
27073.1 132 62 0;
27073.1 147 81 111;
27073.1 132 72 0;
27438.9 147 72 127;
27438.9 131 72 0;
27438.9 131 69 0;
27438.9 131 81 0;
27438.9 132 60 0;
27438.9 132 69 0;
27438.9 148 57 111;
27438.9 129 52 0;
27438.9 145 50 95;
27438.9 145 62 95;
27438.9 148 62 95;
27438.9 129 64 0;
27438.9 147 76 127;
27438.9 148 72 99;
27438.9 147 84 127;
27804.8 147 71 111;
27804.8 132 62 0;
27804.8 132 72 0;
27804.8 132 57 0;
27804.8 148 71 95;
27804.8 131 84 0;
27804.8 131 72 0;
27804.8 131 76 0;
27804.8 147 74 111;
27804.8 148 60 95;
27804.8 147 83 111;
27987.7 131 71 0;
27987.7 147 72 111;
27987.7 147 84 111;
27987.7 147 76 111;
27987.7 148 72 95;
27987.7 131 74 0;
27987.7 132 71 0;
27987.7 131 83 0;
28170.7 147 69 111;
28170.7 131 76 0;
28170.7 148 69 95;
28170.7 148 59 95;
28170.7 147 81 111;
28170.7 132 60 0;
28170.7 147 72 111;
28170.7 131 72 0;
28170.7 132 72 0;
28170.7 131 84 0;
28536.5 131 69 0;
28536.5 131 81 0;
28536.5 129 62 0 ;
28536.5 145 60 95;
28536.5 147 72 127;
28536.5 147 84 127;
28536.5 147 76 127;
28536.5 132 59 0;
28536.5 148 57 111;
28536.5 148 72 99;
28536.5 148 60 95;
28536.5 132 69 0;
28536.5 131 72 0;
28536.5 145 48 95;
28536.5 129 50 0;
28902.4 147 71 111;
28902.4 148 71 95;
28902.4 148 59 95;
28902.4 132 57 0;
28902.4 132 72 0;
28902.4 147 83 111;
28902.4 131 72 0;
28902.4 131 76 0;
28902.4 147 74 111;
28902.4 132 60 0;
28902.4 131 84 0;
29085.3 132 71 0;
29085.3 131 71 0;
29085.3 131 74 0;
29085.3 131 83 0;
29085.3 147 72 111;
29085.3 147 84 111;
29085.3 147 76 111;
29085.3 148 72 95;
29268.2 132 72 0;
29268.2 131 72 0;
29268.2 131 76 0;
29268.2 147 72 111;
29268.2 131 84 0;
29268.2 147 81 111;
29268.2 148 69 95;
29268.2 148 57 95;
29268.2 147 69 111;
29268.2 132 59 0;
29634.1 147 84 127;
29634.1 129 48 0;
29634.1 145 59 95;
29634.1 148 72 103;
29634.1 131 69 0;
29634.1 131 81 0;
29634.1 129 60 0;
29634.1 132 69 0;
29634.1 132 57 0;
29634.1 131 72 0;
29634.1 147 76 127;
29634.1 147 72 127;
29634.1 148 59 95;
29634.1 145 47 95;
29634.1 148 57 111;
29999.9 148 57 95;
29999.9 147 74 111;
29999.9 147 71 111;
29999.9 147 83 111;
29999.9 131 84 0;
29999.9 131 76 0;
29999.9 132 72 0;
29999.9 132 59 0;
29999.9 132 57 0;
29999.9 131 72 0;
29999.9 148 71 95;
30182.8 148 72 95;
30182.8 132 71 0;
30182.8 131 83 0;
30182.8 131 71 0;
30182.8 147 72 111;
30182.8 147 76 111;
30182.8 147 84 111;
30182.8 131 74 0;
30365.8 147 72 111;
30365.8 148 59 95;
30365.8 132 72 0;
30365.8 147 69 111;
30365.8 148 69 95;
30365.8 131 72 0;
30365.8 131 76 0;
30365.8 131 84 0;
30365.8 132 57 0;
30365.8 147 81 111;
30731.6 131 81 0;
30731.6 132 59 0;
30731.6 148 57 99;
30731.6 148 72 99;
30731.6 148 64 95;
30731.6 145 52 95;
30731.6 145 64 95;
30731.6 145 60 95;
30731.6 132 69 0;
30731.6 129 59 0;
30731.6 129 47 0;
30731.6 147 84 127;
30731.6 147 72 127;
30731.6 147 76 127;
30731.6 131 72 0;
30731.6 131 69 0;
30731.6 145 55 95;
30731.6 145 72 95;
30914.6 129 52 0;
30914.6 129 64 0;
30914.6 129 60 0;
30914.6 129 55 0;
30914.6 129 72 0;
31097.5 148 71 95;
31097.5 147 83 111;
31097.5 131 76 0;
31097.5 147 74 111;
31097.5 145 71 95;
31097.5 148 62 95;
31097.5 147 71 111;
31097.5 132 64 0;
31097.5 132 72 0;
31097.5 132 57 0;
31097.5 131 84 0;
31097.5 131 72 0;
31280.4 147 72 111;
31280.4 148 72 95;
31280.4 132 71 0;
31280.4 131 71 0;
31280.4 147 84 111;
31280.4 147 76 111;
31280.4 129 71 0;
31280.4 145 72 95;
31280.4 131 74 0;
31280.4 131 83 0;
31463.3 132 62 0;
31463.3 148 69 95;
31463.3 131 84 0;
31463.3 131 72 0;
31463.3 145 69 95;
31463.3 129 72 0;
31463.3 148 60 95;
31463.3 147 72 111;
31463.3 147 69 111;
31463.3 147 81 111;
31463.3 132 72 0;
31463.3 131 76 0;
31646.3 129 69 0;
31829.2 131 69 0;
31829.2 145 55 95;
31829.2 145 72 95;
31829.2 147 84 127;
31829.2 132 60 0;
31829.2 132 69 0;
31829.2 148 57 111;
31829.2 131 81 0;
31829.2 148 62 95;
31829.2 145 62 95;
31829.2 145 59 95;
31829.2 147 72 127;
31829.2 147 76 127;
31829.2 131 72 0;
31829.2 148 72 99;
31829.2 145 50 95;
32012.1 129 55 0;
32012.1 129 72 0;
32012.1 129 62 0;
32012.1 129 50 0;
32012.1 129 59 0;
32195 132 57 0;
32195 148 71 95;
32195 148 60 95;
32195 132 72 0;
32195 145 71 95;
32195 147 71 111;
32195 131 72 0;
32195 131 76 0;
32195 132 62 0;
32195 147 74 111;
32195 131 84 0;
32195 147 83 111;
32378 147 76 111;
32378 131 71 0;
32378 148 72 95;
32378 132 71 0;
32378 131 83 0;
32378 129 71 0;
32378 145 72 95;
32378 147 72 111;
32378 147 84 111;
32378 131 74 0;
32560.9 132 72 0;
32560.9 145 69 95;
32560.9 129 72 0;
32560.9 131 72 0;
32560.9 131 76 0;
32560.9 131 84 0;
32560.9 147 69 111;
32560.9 147 81 111;
32560.9 148 69 95;
32560.9 148 59 95;
32560.9 147 72 111;
32560.9 132 60 0;
32743.8 129 69 0;
32926.7 131 69 0;
32926.7 147 76 127;
32926.7 145 55 95;
32926.7 145 48 95;
32926.7 145 60 95;
32926.7 131 72 0;
32926.7 148 60 95;
32926.7 132 59 0;
32926.7 132 69 0;
32926.7 147 72 127;
32926.7 131 81 0;
32926.7 145 52 95;
32926.7 145 72 95;
32926.7 148 72 99;
32926.7 147 84 127;
32926.7 148 57 111;
33109.7 129 52 0;
33109.7 129 72 0;
33109.7 129 48 0;
33109.7 129 55 0;
33109.7 129 60 0;
33292.6 147 83 111;
33292.6 147 71 111;
33292.6 147 74 111;
33292.6 131 76 0;
33292.6 131 72 0;
33292.6 132 57 0;
33292.6 145 71 95;
33292.6 132 60 0;
33292.6 132 72 0;
33292.6 148 71 95;
33292.6 131 84 0;
33292.6 148 59 95;
33475.5 147 76 111;
33475.5 148 72 95;
33475.5 145 72 95;
33475.5 147 72 111;
33475.5 132 71 0;
33475.5 131 83 0;
33475.5 131 71 0;
33475.5 131 74 0;
33475.5 147 84 111;
33475.5 129 71 0;
33658.4 147 69 111;
33658.4 145 69 95;
33658.4 148 69 95;
33658.4 148 57 95;
33658.4 132 72 0;
33658.4 147 72 111;
33658.4 129 72 0;
33658.4 131 72 0;
33658.4 131 76 0;
33658.4 147 81 111;
33658.4 132 59 0;
33658.4 131 84 0;
33841.4 129 69 0;
34024.3 145 47 95;
34024.3 131 69 0;
34024.3 131 72 0;
34024.3 147 76 127;
34024.3 147 72 127;
34024.3 145 59 95;
34024.3 132 69 0;
34024.3 131 81 0;
34024.3 148 57 111;
34024.3 148 59 95;
34024.3 148 72 103;
34024.3 145 50 95;
34024.3 145 55 95;
34024.3 145 72 95;
34024.3 132 57 0;
34024.3 147 84 127;
34207.2 129 47 0;
34207.2 129 72 0;
34207.2 129 55 0;
34207.2 129 50 0;
34207.2 129 59 0;
34390.1 145 71 95;
34390.1 148 71 95;
34390.1 147 83 111;
34390.1 148 57 95;
34390.1 132 57 0;
34390.1 131 76 0;
34390.1 132 72 0;
34390.1 131 84 0;
34390.1 131 72 0;
34390.1 147 71 111;
34390.1 132 59 0;
34390.1 147 74 111;
34573.1 148 72 95;
34573.1 131 71 0;
34573.1 131 74 0;
34573.1 147 76 111;
34573.1 131 83 0;
34573.1 147 72 111;
34573.1 129 71 0;
34573.1 145 72 95;
34573.1 132 71 0;
34573.1 147 84 111;
34756 148 69 95;
34756 129 72 0;
34756 145 69 95;
34756 147 81 111;
34756 147 69 111;
34756 132 72 0;
34756 147 72 111;
34756 131 76 0;
34756 131 72 0;
34756 131 84 0;
34756 148 59 95;
34756 132 57 0;
34938.9 129 69 0;
35121.8 131 72 0;
35121.8 148 64 95;
35121.8 145 52 95;
35121.8 148 57 99;
35121.8 132 59 0;
35121.8 145 72 95;
35121.8 147 72 127;
35121.8 145 55 95;
35121.8 147 64 111;
35121.8 132 69 0;
35121.8 147 81 127;
35121.8 131 81 0;
35121.8 131 69 0;
35121.8 145 60 95;
35121.8 147 67 111;
35121.8 148 72 99;
35121.8 145 64 95;
35304.8 129 64 0;
35304.8 129 52 0;
35304.8 129 60 0;
35304.8 129 72 0;
35304.8 129 55 0;
35487.7 145 71 95;
35487.7 148 62 95;
35487.7 132 64 0;
35487.7 131 72 0;
35487.7 131 81 0;
35487.7 147 62 111;
35487.7 147 71 111;
35487.7 147 81 127;
35487.7 132 57 0;
35487.7 148 71 95;
35487.7 132 72 0;
35487.7 131 64 0;
35670.6 131 81 0;
35670.6 132 71 0;
35670.6 148 72 95;
35670.6 129 71 0;
35670.6 131 71 0;
35670.6 147 79 127;
35670.6 147 72 111;
35670.6 131 62 0;
35670.6 147 64 111;
35670.6 145 72 95;
35853.5 129 72 0;
35853.5 148 69 95;
35853.5 132 72 0;
35853.5 131 64 0;
35853.5 131 79 0;
35853.5 131 67 0;
35853.5 145 69 95;
35853.5 147 69 111;
35853.5 148 60 95;
35853.5 147 60 111;
35853.5 147 64 111;
35853.5 132 62 0;
35853.5 131 72 0;
35853.5 147 77 127;
36036.5 129 69 0;
36036.5 131 77 0;
36036.5 147 74 127;
36219.4 145 62 95;
36219.4 147 72 127;
36219.4 147 64 111;
36219.4 147 67 111;
36219.4 148 62 95;
36219.4 148 72 99;
36219.4 148 57 111;
36219.4 132 60 0;
36219.4 147 76 127;
36219.4 131 64 0;
36219.4 131 60 0;
36219.4 131 69 0;
36219.4 145 50 95;
36219.4 145 59 95;
36219.4 145 55 95;
36219.4 145 72 95;
36219.4 131 74 0;
36219.4 132 69 0;
36402.3 129 72 0;
36402.3 129 55 0;
36402.3 129 50 0;
36402.3 129 62 0;
36402.3 129 59 0;
36585.2 131 64 0;
36585.2 131 76 0;
36585.2 131 72 0;
36585.2 147 76 127;
36585.2 132 72 0;
36585.2 132 62 0;
36585.2 147 71 111;
36585.2 145 71 95;
36585.2 148 60 95;
36585.2 148 71 95;
36585.2 132 57 0;
36585.2 147 62 111;
36768.2 129 71 0;
36768.2 148 72 95;
36768.2 131 62 0;
36768.2 131 76 0;
36768.2 132 71 0;
36768.2 145 72 95;
36768.2 147 77 127;
36768.2 147 64 111;
36768.2 131 71 0;
36768.2 147 72 111;
36951.1 147 64 111;
36951.1 148 59 95;
36951.1 148 69 95;
36951.1 145 69 95;
36951.1 129 72 0;
36951.1 131 64 0;
36951.1 132 72 0;
36951.1 131 67 0;
36951.1 131 72 0;
36951.1 147 69 111;
36951.1 147 76 127;
36951.1 147 60 111;
36951.1 131 77 0;
36951.1 132 60 0;
37134 147 72 127;
37134 131 76 0;
37134 129 69 0;
37317 145 52 95;
37317 131 69 0;
37317 147 72 127;
37317 147 64 111;
37317 148 60 95;
37317 148 72 99;
37317 131 72 0;
37317 147 74 127;
37317 132 69 0;
37317 131 64 0;
37317 145 72 95;
37317 145 60 95;
37317 145 55 95;
37317 132 59 0;
37317 148 57 111;
37317 131 60 0;
37317 147 67 111;
37317 145 48 95;
37499.9 129 72 0;
37499.9 129 55 0;
37499.9 129 52 0;
37499.9 129 48 0;
37499.9 129 60 0;
37682.8 132 72 0;
37682.8 131 64 0;
37682.8 147 62 111;
37682.8 147 74 127;
37682.8 132 60 0;
37682.8 145 71 95;
37682.8 131 72 0;
37682.8 148 71 95;
37682.8 148 59 95;
37682.8 131 74 0;
37682.8 147 71 111;
37682.8 132 57 0;
37865.7 131 62 0;
37865.7 148 72 95;
37865.7 147 64 111;
37865.7 147 76 127;
37865.7 132 71 0;
37865.7 131 71 0;
37865.7 131 74 0;
37865.7 145 72 95;
37865.7 147 72 111;
37865.7 129 71 0;
38048.7 132 59 0;
38048.7 129 72 0;
38048.7 145 69 95;
38048.7 147 64 111;
38048.7 147 60 111;
38048.7 132 72 0;
38048.7 147 69 111;
38048.7 131 64 0;
38048.7 131 76 0;
38048.7 131 67 0;
38048.7 147 74 127;
38048.7 131 72 0;
38048.7 148 57 95;
38048.7 148 69 95;
38231.6 147 72 127;
38231.6 129 69 0;
38231.6 131 74 0;
38414.5 145 50 95;
38414.5 148 59 95;
38414.5 148 57 111;
38414.5 132 57 0;
38414.5 132 69 0;
38414.5 147 67 111;
38414.5 145 47 95;
38414.5 148 72 103;
38414.5 145 72 95;
38414.5 131 72 0;
38414.5 131 64 0;
38414.5 131 60 0;
38414.5 131 69 0;
38414.5 145 55 95;
38414.5 147 64 111;
38414.5 147 69 127;
38414.5 147 72 127;
38414.5 145 59 95;
38597.4 129 47 0;
38597.4 129 50 0;
38597.4 129 59 0;
38597.4 129 72 0;
38597.4 129 55 0;
38780.4 148 57 95;
38780.4 132 72 0;
38780.4 132 57 0;
38780.4 132 59 0;
38780.4 131 64 0;
38780.4 131 72 0;
38780.4 147 62 111;
38780.4 145 71 95;
38780.4 148 71 95;
38780.4 147 71 111;
38963.3 147 72 111;
38963.3 148 72 95;
38963.3 145 72 95;
38963.3 147 64 111;
38963.3 131 62 0;
38963.3 131 71 0;
38963.3 129 71 0;
38963.3 132 71 0;
39146.2 131 69 0;
39146.2 147 69 127;
39146.2 147 60 111;
39146.2 147 64 111;
39146.2 131 67 0;
39146.2 132 57 0;
39146.2 131 72 0;
39146.2 148 59 95;
39146.2 148 69 95;
39146.2 145 69 95;
39146.2 129 72 0;
39146.2 132 72 0;
39146.2 131 64 0;
39329.1 129 69 0;
39512.1 145 60 111;
39512.1 148 64 95;
39512.1 147 84 127;
39512.1 145 52 111;
39512.1 148 72 95;
39512.1 132 69 0;
39512.1 147 72 127;
39512.1 131 69 0;
39512.1 145 64 111;
39512.1 132 59 0;
39512.1 147 79 127;
39512.1 131 64 0;
39512.1 131 60 0;
39512.1 147 76 127;
39695 145 53 111;
39695 145 65 111;
39695 129 64 0;
39695 131 79 0;
39695 129 52 0;
39877.9 148 62 95;
39877.9 131 76 0;
39877.9 129 53 0;
39877.9 145 55 111;
39877.9 132 72 0;
39877.9 145 59 111;
39877.9 129 65 0;
39877.9 132 64 0;
39877.9 131 72 0;
39877.9 131 84 0;
39877.9 148 71 95;
39877.9 147 83 111;
39877.9 147 71 111;
39877.9 145 67 111;
39877.9 147 74 111;
39877.9 129 60 0;
40060.8 129 67 0;
40060.8 147 84 111;
40060.8 145 60 111;
40060.8 132 71 0;
40060.8 148 69 95;
40060.8 147 72 111;
40060.8 145 57 111;
40060.8 131 74 0;
40060.8 131 71 0;
40060.8 145 69 111;
40060.8 131 83 0;
40060.8 129 55 0;
40060.8 147 76 111;
40060.8 129 59 0;
40243.8 147 81 111;
40243.8 145 59 111;
40243.8 145 71 111;
40243.8 145 57 111;
40243.8 148 60 95;
40243.8 148 64 95;
40243.8 132 69 0;
40243.8 129 69 0;
40243.8 129 60 0;
40243.8 131 84 0;
40243.8 131 72 0;
40243.8 131 76 0;
40243.8 147 72 111;
40243.8 147 69 111;
40243.8 132 62 0;
40243.8 129 57 0;
40426.7 148 62 95;
40426.7 129 71 0;
40426.7 145 60 111;
40426.7 129 59 0;
40426.7 132 64 0;
40426.7 145 72 111;
40609.6 129 72 0;
40609.6 147 72 127;
40609.6 131 72 0;
40609.6 147 79 127;
40609.6 145 74 111;
40609.6 147 76 127;
40609.6 129 60 0;
40609.6 145 62 111;
40609.6 145 60 111;
40609.6 129 57 0;
40609.6 147 84 127;
40609.6 131 81 0;
40609.6 148 62 95;
40609.6 148 71 95;
40609.6 132 62 0;
40609.6 131 69 0;
40609.6 132 60 0;
40792.5 145 64 111;
40792.5 129 62 0;
40792.5 129 74 0;
40792.5 145 76 111;
40792.5 131 79 0;
40975.5 131 76 0;
40975.5 148 69 95;
40975.5 148 60 95;
40975.5 147 71 111;
40975.5 147 74 111;
40975.5 147 83 111;
40975.5 132 62 0;
40975.5 145 62 111;
40975.5 145 74 111;
40975.5 145 59 111;
40975.5 131 84 0;
40975.5 131 72 0;
40975.5 129 64 0;
40975.5 129 76 0;
40975.5 129 60 0;
40975.5 132 71 0;
41158.4 147 84 111;
41158.4 131 71 0;
41158.4 131 74 0;
41158.4 145 60 111;
41158.4 131 83 0;
41158.4 132 69 0;
41158.4 147 76 111;
41158.4 147 72 111;
41158.4 129 59 0;
41158.4 148 64 95;
41341.3 131 76 0;
41341.3 147 72 111;
41341.3 132 60 0;
41341.3 132 64 0;
41341.3 148 59 95;
41341.3 148 62 95;
41341.3 129 60 0;
41341.3 147 81 111;
41341.3 145 60 111;
41341.3 147 69 111;
41341.3 145 72 111;
41341.3 145 57 111;
41341.3 131 84 0;
41341.3 131 72 0;
41341.3 129 62 0;
41341.3 129 74 0;
41524.2 132 62 0;
41524.2 148 60 95;
41707.2 129 72 0;
41707.2 131 69 0;
41707.2 131 72 0;
41707.2 147 76 127;
41707.2 147 72 127;
41707.2 147 84 127;
41707.2 147 79 127;
41707.2 148 60 95;
41707.2 129 60 0;
41707.2 132 60 0;
41707.2 132 59 0;
41707.2 145 60 111;
41707.2 145 64 111;
41707.2 131 81 0;
41707.2 129 57 0;
41707.2 148 69 95;
41707.2 145 52 111;
41890.1 129 52 0;
41890.1 131 79 0;
41890.1 129 64 0;
41890.1 145 53 111;
41890.1 145 65 111;
42073 129 65 0;
42073 145 67 111;
42073 147 74 111;
42073 147 71 111;
42073 147 83 111;
42073 145 55 111;
42073 131 72 0;
42073 145 59 111;
42073 129 53 0;
42073 132 60 0;
42073 132 69 0;
42073 148 59 95;
42073 148 64 95;
42073 131 84 0;
42073 131 76 0;
42073 129 60 0;
42255.9 145 60 111;
42255.9 132 64 0;
42255.9 131 83 0;
42255.9 131 71 0;
42255.9 131 74 0;
42255.9 147 72 111;
42255.9 148 62 95;
42255.9 129 59 0;
42255.9 129 67 0;
42255.9 129 55 0;
42255.9 145 57 111;
42255.9 145 69 111;
42255.9 147 84 111;
42255.9 147 76 111;
42438.9 145 71 111;
42438.9 145 57 111;
42438.9 131 72 0;
42438.9 131 76 0;
42438.9 147 72 111;
42438.9 147 69 111;
42438.9 147 81 111;
42438.9 132 59 0;
42438.9 148 57 95;
42438.9 148 60 95;
42438.9 129 60 0;
42438.9 129 69 0;
42438.9 129 57 0;
42438.9 145 59 111;
42438.9 132 62 0;
42438.9 131 84 0;
42621.8 132 60 0;
42621.8 148 59 95;
42621.8 129 59 0;
42621.8 145 60 111;
42621.8 145 72 111;
42621.8 129 71 0;
42804.7 132 59 0;
42804.7 147 84 127;
42804.7 147 79 127;
42804.7 132 57 0;
42804.7 147 76 127;
42804.7 148 64 95;
42804.7 145 62 111;
42804.7 147 72 127;
42804.7 129 57 0;
42804.7 129 72 0;
42804.7 131 81 0;
42804.7 131 72 0;
42804.7 148 59 95;
42804.7 129 60 0;
42804.7 145 60 111;
42804.7 145 74 111;
42804.7 131 69 0;
42987.7 129 74 0;
42987.7 131 79 0;
42987.7 145 76 111;
42987.7 145 64 111;
42987.7 129 62 0;
43170.6 131 84 0;
43170.6 148 62 95;
43170.6 147 74 111;
43170.6 132 59 0;
43170.6 145 62 111;
43170.6 131 76 0;
43170.6 147 71 111;
43170.6 145 59 111;
43170.6 147 83 111;
43170.6 148 57 95;
43170.6 132 64 0;
43170.6 129 64 0;
43170.6 129 60 0;
43170.6 129 76 0;
43170.6 131 72 0;
43170.6 145 74 111;
43353.5 148 60 95;
43353.5 131 74 0;
43353.5 147 76 111;
43353.5 129 59 0;
43353.5 131 71 0;
43353.5 147 84 111;
43353.5 147 72 111;
43353.5 132 62 0;
43353.5 145 60 111;
43353.5 131 83 0;
43536.4 145 72 111;
43536.4 131 76 0;
43536.4 147 72 111;
43536.4 147 69 111;
43536.4 147 81 111;
43536.4 131 72 0;
43536.4 148 62 95;
43536.4 145 57 111;
43536.4 132 60 0;
43536.4 132 57 0;
43536.4 129 62 0;
43536.4 131 84 0;
43536.4 129 60 0;
43536.4 145 60 111;
43536.4 148 59 95;
43536.4 129 74 0;
43902.3 132 59 0;
43902.3 148 64 95;
43902.3 145 52 95;
43902.3 145 55 95;
43902.3 129 60 0;
43902.3 129 72 0;
43902.3 129 57 0;
43902.3 147 79 127;
43902.3 145 64 95;
43902.3 147 72 127;
43902.3 147 76 127;
43902.3 131 72 0;
43902.3 131 69 0;
43902.3 131 81 0;
43902.3 148 72 95;
43902.3 147 84 127;
43902.3 145 72 95;
43902.3 145 60 95;
43902.3 132 62 0;
44085.2 131 79 0;
44085.2 129 55 0;
44085.2 129 60 0;
44085.2 129 52 0;
44085.2 129 72 0;
44085.2 129 64 0;
44268.1 147 83 111;
44268.1 147 74 111;
44268.1 131 84 0;
44268.1 131 72 0;
44268.1 147 71 111;
44268.1 145 71 95;
44268.1 132 64 0;
44268.1 148 71 95;
44268.1 148 62 95;
44268.1 131 76 0;
44268.1 132 72 0;
44451.1 129 71 0;
44451.1 147 76 111;
44451.1 147 72 111;
44451.1 147 84 111;
44451.1 131 74 0;
44451.1 132 71 0;
44451.1 131 83 0;
44451.1 145 72 95;
44451.1 131 71 0;
44451.1 148 69 95;
44634 129 72 0;
44634 131 84 0;
44634 132 62 0;
44634 132 69 0;
44634 148 64 95;
44634 131 72 0;
44634 147 81 111;
44634 147 69 111;
44634 147 72 111;
44634 131 76 0;
44634 148 60 95;
44634 145 69 95;
44816.9 148 62 95;
44816.9 132 64 0;
44816.9 129 69 0;
44999.8 131 69 0;
44999.8 147 79 127;
44999.8 145 59 95;
44999.8 147 76 127;
44999.8 145 72 95;
44999.8 147 84 127;
44999.8 132 60 0;
44999.8 131 72 0;
44999.8 131 81 0;
44999.8 147 72 127;
44999.8 145 62 95;
44999.8 132 62 0;
44999.8 145 50 95;
44999.8 148 62 95;
44999.8 145 55 95;
44999.8 148 71 95;
45182.8 129 62 0;
45182.8 129 72 0;
45182.8 129 55 0;
45182.8 129 59 0;
45182.8 131 79 0;
45182.8 129 50 0;
45365.7 148 60 95;
45365.7 147 74 111;
45365.7 132 62 0;
45365.7 131 72 0;
45365.7 131 84 0;
45365.7 147 83 111;
45365.7 145 71 95;
45365.7 147 71 111;
45365.7 148 69 95;
45365.7 132 71 0;
45365.7 131 76 0;
45548.6 145 72 95;
45548.6 129 71 0;
45548.6 131 83 0;
45548.6 132 69 0;
45548.6 148 64 95;
45548.6 131 74 0;
45548.6 147 76 111;
45548.6 147 72 111;
45548.6 131 71 0;
45548.6 147 84 111;
45731.5 131 84 0;
45731.5 148 59 95;
45731.5 147 69 111;
45731.5 147 72 111;
45731.5 131 72 0;
45731.5 147 81 111;
45731.5 131 76 0;
45731.5 129 72 0;
45731.5 148 62 95;
45731.5 132 60 0;
45731.5 132 64 0;
45731.5 145 69 95;
45914.5 129 69 0;
45914.5 148 60 95;
45914.5 132 62 0;
46097.4 132 60 0;
46097.4 147 76 127;
46097.4 147 72 127;
46097.4 147 84 127;
46097.4 147 79 127;
46097.4 148 60 95;
46097.4 131 69 0;
46097.4 131 72 0;
46097.4 145 55 95;
46097.4 145 72 95;
46097.4 131 81 0;
46097.4 145 60 95;
46097.4 145 48 95;
46097.4 148 69 95;
46097.4 145 52 95;
46097.4 132 59 0;
46280.3 129 55 0;
46280.3 129 72 0;
46280.3 129 60 0;
46280.3 129 48 0;
46280.3 131 79 0;
46280.3 129 52 0;
46463.2 132 60 0;
46463.2 147 71 111;
46463.2 131 76 0;
46463.2 132 69 0;
46463.2 131 84 0;
46463.2 148 59 95;
46463.2 131 72 0;
46463.2 147 83 111;
46463.2 147 74 111;
46463.2 148 64 95;
46463.2 145 71 95;
46646.2 131 83 0;
46646.2 131 71 0;
46646.2 147 76 111;
46646.2 147 72 111;
46646.2 148 62 95;
46646.2 145 72 95;
46646.2 132 64 0;
46646.2 129 71 0;
46646.2 147 84 111;
46646.2 131 74 0;
46829.1 145 69 95;
46829.1 132 62 0;
46829.1 132 59 0;
46829.1 148 60 95;
46829.1 147 81 111;
46829.1 148 57 95;
46829.1 131 84 0;
46829.1 147 72 111;
46829.1 131 76 0;
46829.1 131 72 0;
46829.1 147 69 111;
46829.1 129 72 0;
47012 132 60 0;
47012 148 59 95;
47012 129 69 0;
47194.9 145 55 95;
47194.9 147 79 127;
47194.9 147 84 127;
47194.9 147 72 127;
47194.9 147 76 127;
47194.9 131 72 0;
47194.9 131 69 0;
47194.9 145 50 95;
47194.9 132 57 0;
47194.9 132 59 0;
47194.9 145 59 95;
47194.9 148 64 95;
47194.9 145 47 95;
47194.9 145 72 95;
47194.9 131 81 0;
47194.9 148 59 95;
47377.9 129 59 0;
47377.9 129 47 0;
47377.9 129 72 0;
47377.9 129 55 0;
47377.9 129 50 0;
47377.9 131 79 0;
47560.8 132 59 0;
47560.8 148 57 95;
47560.8 148 62 95;
47560.8 145 71 95;
47560.8 147 83 111;
47560.8 131 72 0;
47560.8 132 64 0;
47560.8 147 74 111;
47560.8 131 76 0;
47560.8 147 71 111;
47560.8 131 84 0;
47743.7 147 76 111;
47743.7 129 71 0;
47743.7 148 60 95;
47743.7 147 72 111;
47743.7 145 72 95;
47743.7 131 71 0;
47743.7 131 74 0;
47743.7 131 83 0;
47743.7 147 84 111;
47743.7 132 62 0;
47926.6 131 72 0;
47926.6 147 72 111;
47926.6 145 69 95;
47926.6 148 59 95;
47926.6 132 60 0;
47926.6 131 84 0;
47926.6 147 69 111;
47926.6 147 81 111;
47926.6 129 72 0;
47926.6 131 76 0;
47926.6 132 57 0;
47926.6 148 62 95;
48109.6 129 69 0;
48292.5 148 72 111;
48292.5 132 59 0;
48292.5 147 67 111;
48292.5 147 64 111;
48292.5 147 81 127;
48292.5 147 72 127;
48292.5 131 72 0;
48292.5 131 69 0;
48292.5 145 52 95;
48292.5 145 64 95;
48292.5 145 72 95;
48292.5 145 60 95;
48292.5 145 55 95;
48292.5 132 62 0;
48292.5 148 64 95;
48292.5 148 59 79;
48292.5 131 81 0;
48475.4 129 55 0;
48475.4 129 52 0;
48475.4 129 72 0;
48475.4 129 60 0;
48475.4 129 64 0;
48658.4 131 81 0;
48658.4 132 59 0;
48658.4 148 57 79;
48658.4 148 71 111;
48658.4 148 62 95;
48658.4 147 71 111;
48658.4 132 72 0;
48658.4 147 62 111;
48658.4 131 64 0 ;
48658.4 132 64 0;
48658.4 131 72 0;
48658.4 147 81 127;
48658.4 145 71 95;
48841.3 129 71 0;
48841.3 131 71 0;
48841.3 147 72 111;
48841.3 131 81 0;
48841.3 147 64 111;
48841.3 145 72 95;
48841.3 147 79 127;
48841.3 131 62 0;
49024.2 132 62 0;
49024.2 132 71 0;
49024.2 132 57 0;
49024.2 148 59 79;
49024.2 148 69 111;
49024.2 148 60 95;
49024.2 145 69 95;
49024.2 147 64 111;
49024.2 131 64 0;
49024.2 131 79 0;
49024.2 131 67 0;
49024.2 131 72 0;
49024.2 147 69 111;
49024.2 147 77 127;
49024.2 129 72 0;
49024.2 147 60 111;
49207.1 147 74 127;
49207.1 129 69 0;
49207.1 131 77 0;
49390.1 132 69 0;
49390.1 131 64 0;
49390.1 131 74 0;
49390.1 147 76 127;
49390.1 147 72 127;
49390.1 147 64 111;
49390.1 131 69 0;
49390.1 147 67 111;
49390.1 131 60 0;
49390.1 145 59 95;
49390.1 145 55 95;
49390.1 145 72 95;
49390.1 145 62 95;
49390.1 145 50 95;
49390.1 132 60 0;
49390.1 148 57 79;
49390.1 148 64 111;
49390.1 148 62 95;
49390.1 132 59 0;
49573 129 50 0;
49573 129 59 0;
49573 129 55 0;
49573 129 62 0;
49573 129 72 0;
49755.9 132 64 0;
49755.9 148 60 95;
49755.9 131 64 0;
49755.9 131 72 0;
49755.9 131 76 0;
49755.9 148 62 111;
49755.9 147 71 111;
49755.9 147 76 127;
49755.9 147 62 111;
49755.9 132 57 0;
49755.9 148 59 79;
49755.9 132 62 0;
49755.9 145 71 95;
49938.8 147 72 111;
49938.8 131 71 0;
49938.8 129 71 0;
49938.8 131 62 0;
49938.8 145 72 95;
49938.8 147 64 111;
49938.8 131 76 0;
49938.8 147 77 127;
50121.8 147 76 127;
50121.8 148 60 111;
50121.8 131 72 0;
50121.8 132 62 0;
50121.8 132 59 0;
50121.8 145 69 95;
50121.8 131 64 0;
50121.8 147 64 111;
50121.8 147 60 111;
50121.8 131 67 0;
50121.8 147 69 111;
50121.8 129 72 0;
50121.8 148 57 79;
50121.8 132 60 0;
50121.8 148 59 95;
50121.8 131 77 0;
50304.7 147 72 127;
50304.7 129 69 0;
50304.7 131 76 0;
50487.6 131 72 0;
50487.6 145 72 95;
50487.6 145 52 95;
50487.6 132 60 0;
50487.6 132 57 0;
50487.6 132 59 0;
50487.6 148 59 79;
50487.6 148 62 111;
50487.6 145 55 95;
50487.6 145 48 95;
50487.6 145 60 95;
50487.6 147 67 111;
50487.6 147 64 111;
50487.6 147 72 127;
50487.6 131 69 0;
50487.6 131 60 0;
50487.6 147 74 127;
50487.6 148 60 95;
50487.6 131 64 0;
50670.5 129 60 0;
50670.5 129 48 0;
50670.5 129 52 0;
50670.5 129 72 0;
50670.5 129 55 0;
50853.5 148 57 79;
50853.5 131 74 0;
50853.5 147 71 111;
50853.5 147 74 127;
50853.5 148 60 111;
50853.5 131 72 0;
50853.5 132 59 0;
50853.5 132 62 0;
50853.5 148 59 95;
50853.5 131 64 0;
50853.5 145 71 95;
50853.5 147 62 111;
50853.5 132 60 0;
51036.4 147 64 111;
51036.4 145 72 95;
51036.4 131 71 0;
51036.4 129 71 0;
51036.4 147 72 111;
51036.4 147 76 127;
51036.4 131 62 0;
51036.4 131 74 0;
51219.3 129 72 0;
51219.3 132 59 0;
51219.3 148 59 79;
51219.3 148 62 111;
51219.3 148 60 95;
51219.3 147 69 111;
51219.3 131 72 0;
51219.3 132 57 0;
51219.3 131 76 0;
51219.3 132 60 0;
51219.3 147 74 127;
51219.3 147 60 111;
51219.3 147 64 111;
51219.3 145 69 95;
51219.3 131 67 0;
51219.3 131 64 0;
51402.2 129 69 0;
51402.2 131 74 0;
51402.2 147 72 127;
51585.2 131 69 0;
51585.2 147 72 127;
51585.2 131 64 0;
51585.2 147 64 111;
51585.2 145 72 95;
51585.2 131 72 0;
51585.2 132 59 0;
51585.2 145 59 95;
51585.2 147 67 111;
51585.2 131 60 0;
51585.2 145 55 95;
51585.2 148 64 111;
51585.2 148 57 79;
51585.2 148 59 95;
51585.2 147 69 127;
51585.2 132 62 0;
51585.2 145 50 95;
51585.2 145 47 95;
51585.2 132 60 0;
51768.1 129 59 0;
51768.1 129 50 0;
51768.1 129 72 0;
51768.1 129 47 0;
51768.1 129 55 0;
51951 131 72 0;
51951 132 59 0;
51951 148 59 79;
51951 148 69 111;
51951 132 57 0;
51951 147 62 111;
51951 147 71 111;
51951 131 64 0;
51951 148 60 95;
51951 132 64 0;
51951 145 71 95;
52133.9 147 64 111;
52133.9 129 71 0;
52133.9 145 72 95;
52133.9 131 71 0;
52133.9 147 72 111;
52133.9 131 62 0;
52316.9 129 72 0;
52316.9 131 67 0;
52316.9 131 69 0;
52316.9 148 62 95;
52316.9 148 71 111;
52316.9 148 57 79;
52316.9 132 59 0;
52316.9 131 72 0;
52316.9 132 60 0;
52316.9 131 64 0;
52316.9 145 69 95;
52316.9 147 60 111;
52316.9 147 64 111;
52316.9 132 69 0;
52316.9 147 69 127;
52499.8 129 69 0;
52682.7 145 60 95;
52682.7 132 62 0;
52682.7 132 71 0;
52682.7 147 64 127;
52682.7 147 76 127;
52682.7 132 57 0;
52682.7 148 59 79;
52682.7 145 72 95;
52682.7 147 72 127;
52682.7 147 74 127;
52682.7 131 60 0;
52682.7 131 64 0;
52682.7 145 52 95;
52682.7 145 55 95;
52682.7 145 64 95;
52682.7 148 72 111;
52682.7 131 69 0;
52682.7 148 64 95;
52865.6 129 60 0;
52865.6 131 64 0;
52865.6 131 76 0;
52865.6 131 74 0;
52865.6 129 55 0;
52865.6 129 64 0;
52865.6 147 65 127;
52865.6 129 52 0;
52865.6 129 72 0;
53048.6 132 72 0;
53048.6 148 71 111;
53048.6 147 67 127;
53048.6 147 71 111;
53048.6 145 71 95;
53048.6 131 65 0;
53048.6 132 64 0;
53048.6 148 57 79;
53048.6 131 72 0;
53048.6 148 62 95;
53048.6 132 59 0;
53231.5 129 71 0;
53231.5 145 72 95;
53231.5 147 72 111;
53231.5 131 67 0;
53231.5 131 71 0;
53231.5 147 69 127;
53414.4 145 69 95;
53414.4 148 60 95;
53414.4 148 59 79;
53414.4 132 57 0;
53414.4 132 71 0;
53414.4 148 69 111;
53414.4 147 71 127;
53414.4 147 69 111;
53414.4 131 72 0;
53414.4 131 69 0;
53414.4 132 62 0;
53414.4 129 72 0;
53597.3 131 71 0;
53597.3 129 69 0;
53597.3 147 72 127;
53780.3 131 69 0;
53780.3 148 57 79;
53780.3 132 59 0;
53780.3 132 69 0;
53780.3 147 72 127;
53780.3 148 64 111;
53780.3 147 74 127;
53780.3 145 72 95;
53780.3 145 62 95;
53780.3 145 50 95;
53780.3 145 59 95;
53780.3 132 60 0;
53780.3 148 62 95;
53780.3 145 55 95;
53780.3 131 72 0;
53963.2 129 50 0;
53963.2 129 62 0;
53963.2 129 72 0;
53963.2 129 55 0;
53963.2 129 59 0;
53963.2 131 74 0;
53963.2 147 76 127;
54146.1 147 74 127;
54146.1 131 72 0;
54146.1 131 76 0;
54146.1 148 60 95;
54146.1 148 62 111;
54146.1 147 71 111;
54146.1 132 57 0;
54146.1 132 64 0;
54146.1 132 62 0;
54146.1 148 59 79;
54146.1 145 71 95;
54329.1 129 71 0;
54329.1 147 72 111;
54329.1 131 71 0;
54329.1 145 72 95;
54512 131 74 0;
54512 147 72 127;
54512 132 60 0;
54512 132 62 0;
54512 132 59 0;
54512 147 69 111;
54512 131 72 0;
54512 148 60 111;
54512 145 69 95;
54512 129 72 0;
54512 148 59 95;
54512 148 57 79;
54694.9 129 69 0;
54877.8 145 55 95;
54877.8 148 60 95;
54877.8 147 64 127;
54877.8 147 72 127;
54877.8 148 59 79;
54877.8 132 59 0;
54877.8 145 52 95;
54877.8 131 69 0;
54877.8 131 72 0;
54877.8 145 48 95;
54877.8 148 62 111;
54877.8 145 72 95;
54877.8 132 57 0;
54877.8 132 60 0;
54877.8 145 60 95;
55060.8 129 48 0;
55060.8 129 72 0;
55060.8 129 52 0;
55060.8 129 55 0;
55060.8 131 64 0;
55060.8 147 65 127;
55060.8 129 60 0;
55243.7 131 65 0;
55243.7 131 72 0;
55243.7 145 71 95;
55243.7 147 71 111;
55243.7 147 67 127;
55243.7 132 60 0;
55243.7 148 59 95;
55243.7 132 59 0;
55243.7 132 62 0;
55243.7 148 57 79;
55243.7 148 60 111;
55426.6 147 69 127;
55426.6 147 72 111;
55426.6 131 71 0;
55426.6 131 67 0;
55426.6 145 72 95;
55426.6 129 71 0;
55609.5 132 57 0;
55609.5 131 69 0;
55609.5 131 72 0;
55609.5 147 69 111;
55609.5 148 60 95;
55609.5 132 60 0;
55609.5 148 62 111;
55609.5 145 69 95;
55609.5 129 72 0;
55609.5 132 59 0;
55609.5 147 71 127;
55609.5 148 59 79;
55792.5 147 72 127;
55792.5 129 69 0;
55792.5 131 71 0;
55975.4 147 74 127;
55975.4 147 72 127;
55975.4 148 57 79;
55975.4 148 64 111;
55975.4 132 60 0;
55975.4 145 50 95;
55975.4 131 72 0;
55975.4 148 59 95;
55975.4 145 59 95;
55975.4 145 47 95;
55975.4 145 72 95;
55975.4 145 55 95;
55975.4 131 69 0;
55975.4 132 62 0;
55975.4 132 59 0;
56158.3 129 47 0;
56158.3 129 72 0;
56158.3 131 74 0;
56158.3 147 76 127;
56158.3 129 59 0;
56158.3 129 55 0;
56158.3 129 50 0;
56341.2 148 60 95;
56341.2 132 57 0;
56341.2 148 59 79;
56341.2 147 71 111;
56341.2 132 59 0;
56341.2 131 72 0;
56341.2 148 69 111;
56341.2 131 76 0;
56341.2 132 64 0;
56341.2 145 71 95;
56341.2 147 74 127;
56524.2 131 71 0;
56524.2 145 72 95;
56524.2 147 72 111;
56524.2 129 71 0;
56707.1 132 60 0;
56707.1 148 71 111;
56707.1 148 57 79;
56707.1 132 59 0;
56707.1 131 74 0;
56707.1 148 62 95;
56707.1 147 69 111;
56707.1 147 72 127;
56707.1 145 69 95;
56707.1 129 72 0;
56707.1 131 72 0;
56707.1 132 69 0;
56890 129 69 0;
57072.9 147 72 127;
57072.9 148 64 111;
57072.9 145 64 115;
57072.9 145 69 111;
57072.9 131 72 0;
57072.9 148 60 111;
57072.9 132 57 0;
57072.9 132 71 0;
57072.9 132 62 0;
57072.9 147 84 127;
57072.9 148 72 111;
57072.9 131 69 0;
57072.9 147 76 127;
57072.9 147 79 127;
57255.9 131 79 0;
57255.9 129 64 0;
57438.8 131 76 0;
57438.8 147 83 111;
57438.8 148 71 111;
57438.8 147 74 111;
57438.8 145 69 111;
57438.8 148 59 111;
57438.8 132 64 0;
57438.8 147 71 111;
57438.8 131 84 0;
57438.8 129 69 0;
57438.8 132 72 0;
57438.8 148 62 111;
57438.8 131 72 0;
57438.8 132 60 0;
57621.7 147 84 111;
57621.7 131 83 0;
57621.7 131 71 0;
57621.7 129 69 0;
57621.7 147 72 111;
57621.7 145 67 111;
57621.7 147 76 111;
57621.7 131 74 0;
57804.6 148 60 111;
57804.6 148 69 111;
57804.6 147 81 111;
57804.6 147 69 111;
57804.6 147 72 111;
57804.6 131 76 0;
57804.6 145 65 111;
57804.6 131 84 0;
57804.6 132 71 0;
57804.6 132 62 0;
57804.6 132 59 0;
57804.6 131 72 0;
57804.6 148 57 111;
57804.6 129 67 0;
57987.6 145 62 111;
57987.6 129 65 0;
58170.5 145 64 111;
58170.5 131 69 0;
58170.5 131 72 0;
58170.5 147 76 127;
58170.5 147 72 127;
58170.5 147 84 127;
58170.5 145 62 115;
58170.5 131 81 0;
58170.5 132 60 0;
58170.5 132 69 0;
58170.5 148 60 111;
58170.5 129 62 0;
58170.5 147 79 127;
58170.5 148 64 111;
58170.5 132 57 0;
58170.5 148 72 111;
58353.4 131 79 0;
58353.4 129 62 0;
58536.3 132 60 0;
58536.3 132 72 0;
58536.3 129 64 0;
58536.3 148 59 111;
58536.3 148 62 111;
58536.3 148 71 111;
58536.3 147 83 111;
58536.3 147 71 111;
58536.3 147 74 111;
58536.3 131 76 0;
58536.3 131 72 0;
58536.3 131 84 0;
58536.3 132 64 0;
58536.3 145 64 111;
58719.3 131 83 0;
58719.3 147 84 111;
58719.3 147 72 111;
58719.3 145 65 111;
58719.3 131 74 0;
58719.3 131 71 0;
58719.3 147 76 111;
58719.3 129 64 0;
58902.2 145 64 111;
58902.2 147 72 111;
58902.2 147 69 111;
58902.2 147 81 111;
58902.2 131 76 0;
58902.2 132 71 0;
58902.2 131 72 0;
58902.2 132 59 0;
58902.2 148 57 111;
58902.2 148 60 111;
58902.2 148 69 111;
58902.2 129 65 0;
58902.2 132 62 0;
58902.2 131 84 0;
59085.1 129 64 0;
59085.1 145 60 111;
59268 131 69 0;
59268 147 79 127;
59268 147 84 127;
59268 147 72 127;
59268 131 81 0;
59268 148 72 111;
59268 132 60 0;
59268 147 76 127;
59268 131 72 0;
59268 148 64 111;
59268 132 57 0;
59268 145 62 111;
59268 132 69 0;
59268 145 60 115;
59268 148 60 111;
59268 129 60 0;
59451 131 79 0;
59451 129 60 0;
59633.9 131 84 0;
59633.9 148 59 111;
59633.9 148 62 111;
59633.9 148 71 111;
59633.9 147 71 111;
59633.9 132 64 0;
59633.9 147 83 111;
59633.9 131 76 0;
59633.9 131 72 0;
59633.9 145 62 111;
59633.9 129 62 0;
59633.9 147 74 111;
59633.9 132 60 0;
59633.9 132 72 0;
59816.8 147 72 111;
59816.8 145 64 111;
59816.8 129 62 0;
59816.8 147 84 111;
59816.8 131 74 0;
59816.8 147 76 111;
59816.8 131 71 0;
59816.8 131 83 0;
59999.8 147 69 111;
59999.8 148 69 111;
59999.8 148 60 111;
59999.8 148 57 111;
59999.8 132 59 0;
59999.8 132 62 0;
59999.8 147 81 111;
59999.8 131 84 0;
59999.8 131 72 0;
59999.8 145 62 111;
59999.8 131 76 0;
59999.8 147 72 111;
59999.8 132 71 0;
59999.8 129 64 0;
60182.7 145 60 111;
60182.7 129 62 0;
60365.6 148 72 111;
60365.6 132 69 0;
60365.6 131 69 0;
60365.6 131 72 0;
60365.6 148 64 111;
60365.6 148 60 111;
60365.6 147 79 127;
60365.6 147 72 127;
60365.6 147 84 127;
60365.6 132 57 0;
60365.6 145 57 111;
60365.6 145 59 115;
60365.6 129 60 0;
60365.6 131 81 0;
60365.6 147 76 127;
60365.6 132 60 0;
60548.5 129 59 0;
60548.5 131 79 0;
60731.5 132 64 0;
60731.5 129 57 0;
60731.5 145 57 111;
60731.5 131 84 0;
60731.5 148 71 111;
60731.5 132 60 0;
60731.5 147 74 111;
60731.5 147 71 111;
60731.5 147 83 111;
60731.5 132 72 0;
60731.5 131 72 0;
60731.5 148 62 111;
60731.5 131 76 0;
60731.5 148 59 111;
60914.4 147 72 111;
60914.4 145 59 111;
60914.4 131 83 0;
60914.4 147 84 111;
60914.4 131 74 0;
60914.4 147 76 111;
60914.4 131 71 0;
60914.4 129 57 0;
61097.3 147 69 111;
61097.3 132 71 0;
61097.3 147 81 111;
61097.3 131 84 0;
61097.3 131 72 0;
61097.3 131 76 0;
61097.3 132 62 0;
61097.3 148 57 111;
61097.3 148 60 111;
61097.3 148 69 111;
61097.3 129 59 0;
61097.3 147 72 111;
61097.3 132 59 0;
61097.3 145 57 111;
61463.2 148 64 111;
61463.2 131 81 0;
61463.2 131 69 0;
61463.2 145 64 111;
61463.2 147 76 127;
61463.2 147 72 127;
61463.2 148 60 111;
61463.2 129 57 0;
61463.2 132 69 0;
61463.2 132 60 0;
61463.2 132 57 0;
61463.2 148 72 111;
61463.2 147 84 127;
61463.2 131 72 0;
61646.1 129 64 0;
61646.1 145 65 111;
61829 129 65 0;
61829 132 60 0;
61829 132 64 0;
61829 132 72 0;
61829 148 59 111;
61829 147 83 111;
61829 145 67 111;
61829 147 74 111;
61829 131 76 0;
61829 131 72 0;
61829 147 71 111;
61829 148 71 111;
61829 148 62 111;
61829 131 84 0;
62011.9 131 83 0;
62011.9 131 71 0;
62011.9 131 74 0;
62011.9 147 76 111;
62011.9 147 84 111;
62011.9 129 67 0;
62011.9 145 69 111;
62011.9 147 72 111;
62194.9 145 71 111;
62194.9 132 62 0;
62194.9 147 81 111;
62194.9 147 69 111;
62194.9 132 59 0;
62194.9 147 72 111;
62194.9 132 71 0;
62194.9 131 72 0;
62194.9 148 57 111;
62194.9 148 60 111;
62194.9 148 69 111;
62194.9 131 84 0;
62194.9 131 76 0;
62194.9 129 69 0;
62377.8 129 71 0;
62377.8 145 72 111;
62560.7 129 72 0;
62560.7 145 74 111;
62560.7 147 76 127;
62560.7 132 57 0;
62560.7 148 60 111;
62560.7 131 69 0;
62560.7 132 60 0;
62560.7 131 81 0;
62560.7 147 84 127;
62560.7 131 72 0;
62560.7 132 69 0;
62560.7 145 62 95;
62560.7 148 72 111;
62560.7 148 64 111;
62560.7 147 72 127;
62743.6 145 76 111;
62743.6 129 62 0;
62743.6 129 74 0;
62926.6 131 72 0;
62926.6 147 71 111;
62926.6 147 83 111;
62926.6 131 84 0;
62926.6 132 72 0;
62926.6 148 62 111;
62926.6 147 74 111;
62926.6 132 60 0;
62926.6 132 64 0;
62926.6 145 74 111;
62926.6 129 76 0;
62926.6 131 76 0;
62926.6 148 59 111;
62926.6 148 71 111;
63109.5 147 84 111;
63109.5 147 72 111;
63109.5 147 76 111;
63109.5 131 74 0;
63109.5 131 71 0;
63109.5 131 83 0;
63292.4 132 62 0;
63292.4 145 72 111;
63292.4 129 74 0;
63292.4 131 84 0;
63292.4 131 72 0;
63292.4 131 76 0;
63292.4 148 69 111;
63292.4 147 69 111;
63292.4 148 60 111;
63292.4 147 81 111;
63292.4 148 57 111;
63292.4 132 59 0;
63292.4 147 72 111;
63292.4 132 71 0;
63658.3 129 72 0;
63658.3 131 72 0;
63658.3 131 69 0;
63658.3 131 81 0;
63658.3 132 69 0;
63658.3 132 60 0;
63658.3 147 72 127;
63658.3 132 57 0;
63658.3 148 72 111;
63658.3 148 64 111;
63658.3 148 60 111;
63658.3 145 64 111;
63658.3 145 60 95;
63658.3 147 76 127;
63658.3 147 84 127;
63841.2 145 65 111;
63841.2 129 64 0;
63841.2 129 60 0;
64024.1 147 71 111;
64024.1 145 67 111;
64024.1 131 84 0;
64024.1 132 60 0;
64024.1 132 64 0;
64024.1 147 83 111;
64024.1 148 59 111;
64024.1 148 62 111;
64024.1 148 71 111;
64024.1 131 72 0;
64024.1 131 76 0;
64024.1 147 74 111;
64024.1 132 72 0;
64024.1 129 65 0;
64207 131 71 0;
64207 147 76 111;
64207 147 72 111;
64207 131 74 0;
64207 129 67 0;
64207 145 69 111;
64207 147 84 111;
64207 131 83 0;
64390 148 60 111;
64390 131 72 0;
64390 132 71 0;
64390 131 76 0;
64390 148 57 111;
64390 147 72 111;
64390 145 71 111;
64390 147 81 111;
64390 129 69 0;
64390 148 69 111;
64390 132 62 0;
64390 132 59 0;
64390 147 69 111;
64390 131 84 0;
64572.9 129 71 0;
64572.9 145 72 111;
64755.8 131 81 0;
64755.8 147 76 127;
64755.8 145 74 111;
64755.8 132 57 0;
64755.8 148 72 111;
64755.8 147 84 127;
64755.8 148 64 111;
64755.8 148 60 111;
64755.8 131 72 0;
64755.8 147 72 127;
64755.8 145 59 95;
64755.8 129 72 0;
64755.8 132 69 0;
64755.8 131 69 0;
64755.8 132 60 0;
64938.7 129 74 0;
64938.7 145 76 111;
64938.7 129 59 0;
65121.7 131 84 0;
65121.7 147 71 111;
65121.7 147 83 111;
65121.7 131 76 0;
65121.7 129 76 0;
65121.7 131 72 0;
65121.7 147 74 111;
65121.7 132 64 0;
65121.7 132 72 0;
65121.7 148 59 111;
65121.7 148 62 111;
65121.7 148 71 111;
65121.7 132 60 0;
65121.7 145 74 111;
65304.6 147 84 111;
65304.6 131 83 0;
65304.6 131 74 0;
65304.6 147 76 111;
65304.6 147 72 111;
65304.6 131 71 0;
65487.5 145 72 111;
65487.5 132 59 0;
65487.5 132 62 0;
65487.5 131 76 0;
65487.5 131 72 0;
65487.5 148 57 111;
65487.5 129 74 0;
65487.5 148 60 111;
65487.5 147 72 111;
65487.5 148 69 111;
65487.5 131 84 0;
65487.5 147 69 111;
65487.5 147 81 111;
65487.5 132 71 0;
65853.4 148 60 111;
65853.4 145 72 95;
65853.4 145 64 95;
65853.4 147 72 127;
65853.4 147 76 127;
65853.4 131 72 0;
65853.4 129 72 0;
65853.4 132 69 0;
65853.4 132 60 0;
65853.4 132 57 0;
65853.4 148 72 111;
65853.4 148 64 111;
65853.4 131 81 0;
65853.4 131 69 0;
66036.3 129 64 0;
66036.3 129 72 0;
66219.2 147 71 111;
66219.2 132 60 0;
66219.2 131 76 0;
66219.2 131 72 0;
66219.2 132 72 0;
66219.2 148 71 111;
66219.2 148 59 111;
66219.2 147 74 111;
66219.2 132 64 0;
66219.2 145 71 95;
66219.2 148 62 111;
66402.2 129 71 0;
66402.2 131 74 0;
66402.2 147 76 111;
66402.2 145 72 95;
66402.2 131 71 0;
66402.2 148 72 111;
66402.2 147 72 111;
66402.2 132 71 0;
66585.1 131 72 0;
66585.1 145 69 95;
66585.1 132 62 0;
66585.1 132 59 0;
66585.1 131 76 0;
66585.1 129 72 0;
66585.1 147 69 111;
66585.1 148 57 111;
66585.1 148 60 111;
66585.1 148 69 111;
66585.1 132 72 0;
66585.1 147 72 111;
66768 129 69 0;
66951 148 60 111;
66951 145 72 95;
66951 147 72 127;
66951 131 69 0;
66951 131 72 0;
66951 145 62 95;
66951 132 69 0;
66951 132 60 0;
66951 148 72 111;
66951 148 64 111;
66951 147 76 127;
66951 132 57 0;
67133.9 129 72 0;
67133.9 129 62 0;
67316.8 148 62 111;
67316.8 147 71 111;
67316.8 147 74 111;
67316.8 132 64 0;
67316.8 148 59 111;
67316.8 131 76 0;
67316.8 145 71 95;
67316.8 131 72 0;
67316.8 132 72 0;
67316.8 148 71 111;
67316.8 132 60 0;
67499.7 129 71 0;
67499.7 147 76 111;
67499.7 131 71 0;
67499.7 131 74 0;
67499.7 148 72 111;
67499.7 145 72 95;
67499.7 132 71 0;
67499.7 147 72 111;
67682.7 132 72 0;
67682.7 147 69 111;
67682.7 147 72 111;
67682.7 131 76 0;
67682.7 148 60 111;
67682.7 148 69 111;
67682.7 148 57 111;
67682.7 132 59 0;
67682.7 132 62 0;
67682.7 129 72 0;
67682.7 131 72 0;
67682.7 145 69 95;
67865.6 129 69 0;
68048.5 147 72 127;
68048.5 132 69 0;
68048.5 132 60 0;
68048.5 132 57 0;
68048.5 147 76 127;
68048.5 148 64 111;
68048.5 131 69 0;
68048.5 145 72 95;
68048.5 145 60 95;
68048.5 148 72 111;
68048.5 148 60 111;
68048.5 131 72 0;
68231.5 129 60 0;
68231.5 129 72 0;
68414.4 148 71 111;
68414.4 147 71 111;
68414.4 132 64 0;
68414.4 132 72 0;
68414.4 131 76 0;
68414.4 148 59 111;
68414.4 131 72 0;
68414.4 132 60 0;
68414.4 147 74 111;
68414.4 145 71 95;
68414.4 148 62 111;
68597.3 147 76 111;
68597.3 145 72 95;
68597.3 129 71 0;
68597.3 131 74 0;
68597.3 148 72 111;
68597.3 147 72 111;
68597.3 132 71 0;
68597.3 131 71 0;
68780.2 129 72 0;
68780.2 131 72 0;
68780.2 148 57 111;
68780.2 132 72 0;
68780.2 132 62 0;
68780.2 148 60 111;
68780.2 131 76 0;
68780.2 147 72 111;
68780.2 148 69 111;
68780.2 132 59 0;
68780.2 145 69 95;
68780.2 147 69 111;
68963.2 129 69 0;
69146.1 147 76 127;
69146.1 145 72 95;
69146.1 145 59 95;
69146.1 131 69 0;
69146.1 147 72 127;
69146.1 148 72 111;
69146.1 148 64 111;
69146.1 131 72 0;
69146.1 132 69 0;
69146.1 132 57 0;
69146.1 148 60 111;
69146.1 132 60 0;
69329 129 59 0;
69329 129 72 0;
69512 132 60 0;
69512 131 72 0;
69512 131 76 0;
69512 147 74 111;
69512 145 71 95;
69512 148 71 111;
69512 148 59 111;
69512 132 72 0;
69512 132 64 0;
69512 147 71 111;
69512 148 62 111;
69694.9 131 71 0;
69694.9 147 72 111;
69694.9 147 76 111;
69694.9 145 72 95;
69694.9 148 72 111;
69694.9 132 71 0;
69694.9 131 74 0;
69694.9 129 71 0;
69877.8 131 72 0;
69877.8 132 72 0;
69877.8 147 69 111;
69877.8 147 72 111;
69877.8 148 57 111;
69877.8 132 59 0;
69877.8 148 69 111;
69877.8 145 69 95;
69877.8 129 72 0;
69877.8 131 76 0;
69877.8 148 60 111;
69877.8 132 62 0;
70060.8 129 69 0;
70243.7 148 64 111;
70243.7 131 72 0;
70243.7 145 72 95;
70243.7 145 64 95;
70243.7 148 60 111;
70243.7 132 69 0;
70243.7 132 60 0;
70243.7 132 57 0;
70243.7 148 72 111;
70243.7 147 72 127;
70243.7 131 69 0;
70426.6 129 72 0;
70426.6 129 64 0;
70609.5 131 72 0;
70609.5 132 72 0;
70609.5 145 71 95;
70609.5 132 60 0;
70609.5 148 71 111;
70609.5 148 62 111;
70609.5 147 71 111;
70609.5 148 59 111;
70609.5 132 64 0;
70792.5 145 72 95;
70792.5 131 71 0;
70792.5 148 72 111;
70792.5 147 72 111;
70792.5 132 62 0;
70792.5 129 71 0;
70792.5 132 71 0;
70792.5 148 64 111;
70975.4 132 64 0;
70975.4 132 59 0;
70975.4 132 72 0;
70975.4 148 57 111;
70975.4 145 69 95;
70975.4 131 72 0;
70975.4 147 69 111;
70975.4 148 69 111;
70975.4 129 72 0;
71158.3 129 69 0;
71341.3 148 60 111;
71341.3 145 72 95;
71341.3 145 62 95;
71341.3 132 57 0;
71341.3 147 72 127;
71341.3 132 69 0;
71341.3 148 72 111;
71341.3 148 64 111;
71341.3 131 69 0;
71524.2 129 72 0;
71524.2 129 62 0;
71707.1 148 71 111;
71707.1 147 71 111;
71707.1 132 64 0;
71707.1 132 60 0;
71707.1 148 62 111;
71707.1 145 71 95;
71707.1 132 72 0;
71707.1 148 59 111;
71707.1 131 72 0;
71890.1 132 71 0;
71890.1 132 62 0;
71890.1 148 64 111;
71890.1 131 71 0;
71890.1 147 72 111;
71890.1 129 71 0;
71890.1 145 72 95;
71890.1 148 72 111;
72073 147 69 111;
72073 132 64 0;
72073 132 59 0;
72073 132 72 0;
72073 129 72 0;
72073 148 69 111;
72073 145 69 95;
72073 131 72 0;
72073 148 57 111;
72255.9 129 69 0;
72438.8 132 69 0;
72438.8 145 60 95;
72438.8 145 72 95;
72438.8 148 64 111;
72438.8 148 60 111;
72438.8 148 72 111;
72438.8 132 57 0;
72438.8 131 69 0;
72438.8 147 72 127;
72621.8 129 72 0;
72621.8 129 60 0;
72804.7 148 71 111;
72804.7 132 72 0;
72804.7 131 72 0;
72804.7 147 71 111;
72804.7 148 59 111;
72804.7 132 64 0;
72804.7 132 60 0;
72804.7 145 71 95;
72804.7 148 62 111;
72987.6 132 71 0;
72987.6 129 71 0;
72987.6 145 72 95;
72987.6 148 64 111;
72987.6 131 71 0;
72987.6 148 72 111;
72987.6 147 72 111;
72987.6 132 62 0;
73170.6 129 72 0;
73170.6 147 69 111;
73170.6 132 64 0;
73170.6 132 59 0;
73170.6 131 72 0;
73170.6 148 57 111;
73170.6 148 69 111;
73170.6 132 72 0;
73170.6 145 69 95;
73353.5 129 69 0;
73536.4 145 59 95;
73536.4 132 57 0;
73536.4 132 69 0;
73536.4 145 72 95;
73536.4 131 69 0;
73536.4 148 72 111;
73536.4 148 64 111;
73536.4 147 72 127;
73536.4 148 60 111;
73719.4 129 59 0;
73719.4 129 72 0;
73902.3 131 72 0;
73902.3 145 71 95;
73902.3 148 59 111;
73902.3 148 62 111;
73902.3 147 71 111;
73902.3 132 64 0;
73902.3 132 72 0;
73902.3 132 60 0;
73902.3 148 71 111;
74085.2 129 71 0;
74085.2 147 72 111;
74085.2 148 72 111;
74085.2 131 71 0;
74085.2 132 62 0;
74085.2 145 72 95;
74085.2 132 71 0;
74085.2 148 64 111;
74268.1 132 64 0;
74268.1 147 69 111;
74268.1 148 57 111;
74268.1 145 69 95;
74268.1 131 72 0;
74268.1 132 72 0;
74268.1 132 59 0;
74268.1 129 72 0;
74268.1 148 69 111;
74451.1 129 69 0;
74634 132 57 0;
74634 148 60 111;
74634 145 64 95;
74634 148 72 111;
74634 148 64 111;
74634 131 69 0;
74634 132 69 0;
74634 145 52 95;
74634 147 72 95;
74999.9 148 62 111;
74999.9 148 71 111;
74999.9 132 72 0;
74999.9 148 59 111;
74999.9 147 71 95;
74999.9 131 72 0;
74999.9 132 64 0;
74999.9 132 60 0;
75182.8 148 72 111;
75182.8 148 64 111;
75182.8 148 60 111;
75182.8 132 62 0;
75182.8 132 71 0;
75182.8 132 59 0;
75365.7 148 60 111;
75365.7 147 69 95;
75365.7 132 60 0;
75365.7 131 71 0;
75365.7 148 57 111;
75365.7 148 69 111;
75365.7 132 64 0;
75365.7 132 72 0;
75731.6 132 69 0;
75731.6 147 71 95;
75731.6 148 72 111;
75731.6 145 50 95;
75731.6 145 62 95;
75731.6 131 69 0;
75731.6 148 64 111;
75731.6 129 52 0;
75731.6 148 60 111;
75731.6 132 60 0;
75731.6 132 57 0;
75731.6 129 64 0;
76097.4 148 71 111;
76097.4 148 62 111;
76097.4 147 69 95;
76097.4 131 71 0;
76097.4 132 72 0;
76097.4 148 59 111;
76097.4 132 60 0;
76097.4 132 64 0;
76280.3 148 60 111;
76280.3 132 71 0;
76280.3 132 59 0;
76280.3 148 72 111;
76280.3 148 64 111;
76280.3 132 62 0;
76463.3 132 72 0;
76463.3 131 69 0;
76463.3 148 60 111;
76463.3 147 67 95;
76463.3 148 57 111;
76463.3 132 60 0;
76463.3 148 69 111;
76463.3 132 64 0;
76829.1 148 64 111;
76829.1 145 60 95;
76829.1 129 62 0;
76829.1 129 50 0;
76829.1 131 67 0;
76829.1 145 48 95;
76829.1 132 60 0;
76829.1 132 69 0;
76829.1 148 72 111;
76829.1 147 69 95;
76829.1 132 57 0;
76829.1 148 60 111;
77195 132 60 0;
77195 132 64 0;
77195 132 72 0;
77195 131 69 0;
77195 148 71 111;
77195 148 62 111;
77195 148 59 111;
77195 147 67 95;
77377.9 148 72 111;
77377.9 148 64 111;
77377.9 148 60 111;
77377.9 132 71 0;
77377.9 132 62 0;
77377.9 132 59 0;
77560.8 148 57 111;
77560.8 132 60 0;
77560.8 148 69 111;
77560.8 147 65 95;
77560.8 132 72 0;
77560.8 131 67 0;
77560.8 132 64 0;
77560.8 148 60 111;
77926.7 132 69 0;
77926.7 145 59 95;
77926.7 148 72 111;
77926.7 132 57 0;
77926.7 131 65 0;
77926.7 145 47 95;
77926.7 129 60 0;
77926.7 129 48 0;
77926.7 132 60 0;
77926.7 147 67 95;
77926.7 148 64 111;
77926.7 148 60 111;
78292.5 148 71 111;
78292.5 148 62 111;
78292.5 132 60 0;
78292.5 132 64 0;
78292.5 131 67 0;
78292.5 148 59 111;
78292.5 147 65 95;
78292.5 132 72 0;
78475.5 148 64 111;
78475.5 148 60 111;
78475.5 148 72 111;
78475.5 132 71 0;
78475.5 132 62 0;
78475.5 132 59 0;
78658.4 148 57 111;
78658.4 131 65 0;
78658.4 132 60 0;
78658.4 148 69 111;
78658.4 132 64 0;
78658.4 132 72 0;
78658.4 148 60 111;
78658.4 147 64 95;
79024.2 129 59 0;
79024.2 145 64 95;
79024.2 132 60 0;
79024.2 132 69 0;
79024.2 147 72 95;
79024.2 129 47 0;
79024.2 148 72 111;
79024.2 148 64 111;
79024.2 131 64 0;
79024.2 132 57 0;
79390.1 132 64 0;
79390.1 148 62 111;
79390.1 131 72 0;
79390.1 147 71 95;
79390.1 148 71 111;
79390.1 132 72 0;
79573 148 72 111;
79573 132 71 0;
79573 132 62 0;
79573 148 64 111;
79756 131 71 0;
79756 132 64 0;
79756 132 72 0;
79756 148 69 111;
79756 148 60 111;
79756 147 69 95;
80121.8 129 64 0;
80121.8 148 72 111;
80121.8 148 64 111;
80121.8 147 71 95;
80121.8 131 69 0;
80121.8 145 62 95;
80121.8 132 69 0;
80121.8 132 60 0;
80487.7 131 71 0;
80487.7 132 72 0;
80487.7 148 62 111;
80487.7 148 71 111;
80487.7 147 69 95;
80487.7 132 64 0;
80670.6 132 62 0;
80670.6 148 64 111;
80670.6 132 71 0;
80670.6 148 72 111;
80853.5 148 60 111;
80853.5 147 67 95;
80853.5 131 69 0;
80853.5 132 72 0;
80853.5 148 69 111;
80853.5 132 64 0;
81219.4 148 72 111;
81219.4 132 60 0;
81219.4 148 64 111;
81219.4 147 69 95;
81219.4 131 67 0;
81219.4 129 62 0;
81219.4 132 69 0;
81219.4 145 60 95;
81585.2 147 67 95;
81585.2 132 72 0;
81585.2 148 71 111;
81585.2 148 62 111;
81585.2 131 69 0;
81585.2 132 64 0;
81768.2 132 62 0;
81768.2 148 72 111;
81768.2 148 64 111;
81768.2 132 71 0;
81951.1 132 72 0;
81951.1 132 64 0;
81951.1 148 69 111;
81951.1 147 65 95;
81951.1 131 67 0;
81951.1 148 60 111;
82316.9 132 60 0;
82316.9 148 72 111;
82316.9 132 69 0;
82316.9 148 64 111;
82316.9 145 59 95;
82316.9 129 60 0;
82316.9 131 65 0;
82316.9 147 67 95;
82682.8 148 71 111;
82682.8 132 64 0;
82682.8 132 72 0;
82682.8 147 65 95;
82682.8 148 62 111;
82682.8 131 67 0;
82865.7 132 62 0;
82865.7 148 72 111;
82865.7 148 64 111;
82865.7 132 71 0;
83048.6 148 69 111;
83048.6 148 60 111;
83048.6 147 64 95;
83048.6 131 65 0;
83048.6 132 72 0;
83048.6 132 64 0;
83414.5 145 72 95;
83414.5 148 72 79;
83414.5 129 59 0;
83414.5 131 64 0;
83414.5 147 72 95;
83414.5 132 60 0;
83414.5 132 69 0;
83597.4 129 72 0;
83780.4 131 72 0;
83780.4 148 71 79;
83780.4 132 72 0;
83780.4 147 71 95;
83780.4 145 71 95;
83963.3 132 71 0;
83963.3 145 72 95;
83963.3 129 71 0;
83963.3 148 72 79;
84146.2 145 69 95;
84146.2 148 69 79;
84146.2 147 69 95;
84146.2 131 71 0;
84146.2 132 72 0;
84146.2 129 72 0;
84329.1 129 69 0;
84512.1 145 72 95;
84512.1 132 69 0;
84512.1 148 72 79;
84512.1 131 69 0;
84512.1 147 71 95;
84695 129 72 0;
84877.9 148 71 79;
84877.9 145 71 95;
84877.9 132 72 0;
84877.9 131 71 0;
84877.9 147 69 95;
85060.9 132 71 0;
85060.9 145 72 95;
85060.9 129 71 0;
85060.9 148 72 79;
85243.8 147 67 95;
85243.8 145 69 95;
85243.8 129 72 0;
85243.8 132 72 0;
85243.8 148 69 79;
85243.8 131 69 0;
85426.7 129 69 0;
85609.7 148 72 79;
85609.7 132 69 0;
85609.7 131 67 0;
85609.7 145 72 95;
85609.7 147 69 95;
85792.6 129 72 0;
85975.5 147 67 95;
85975.5 148 71 79;
85975.5 132 72 0;
85975.5 145 71 95;
85975.5 131 69 0;
86158.4 129 71 0;
86158.4 145 72 95;
86158.4 132 71 0;
86158.4 148 72 79;
86341.4 145 69 95;
86341.4 147 65 95;
86341.4 132 72 0;
86341.4 131 67 0;
86341.4 148 69 79;
86341.4 129 72 0;
86524.3 129 69 0;
86707.2 148 72 79;
86707.2 147 67 95;
86707.2 131 65 0;
86707.2 145 72 95;
86707.2 132 69 0;
86890.2 129 72 0;
87073.1 145 71 95;
87073.1 148 71 79;
87073.1 147 65 95;
87073.1 132 72 0;
87073.1 131 67 0;
87256 132 71 0;
87256 148 72 79;
87256 129 71 0;
87256 145 72 95;
87439 147 64 95;
87439 148 69 79;
87439 132 72 0;
87439 145 69 95;
87439 131 65 0;
87439 129 72 0;
87621.9 129 69 0 ;
87804.8 131 64 0;
87804.8 132 69 0;
87804.8 148 72 79;
87804.8 145 72 95;
87987.7 129 72 0;
88170.7 148 71 79;
88170.7 145 71 95;
88170.7 132 72 0;
88353.6 129 71 0;
88353.6 145 72 95;
88536.5 148 69 79;
88536.5 145 69 95;
88536.5 132 71 0;
88536.5 129 72 0;
88719.5 129 69 0;
88902.4 145 72 95;
88902.4 132 69 0;
88902.4 148 64 79;
89085.3 129 72 0;
89268.2 132 64 0;
89268.2 148 62 79;
89268.2 145 71 95;
89451.2 145 72 95;
89451.2 129 71 0;
89634.1 129 72 0;
89634.1 132 62 0;
89634.1 145 69 95;
89634.1 148 60 79;
89817 129 69 0;
90000 148 62 79;
90000 132 60 0;
90000 145 72 95;
90182.9 129 72 0;
90365.8 148 60 79;
90365.8 145 71 95;
90365.8 132 62 0;
90548.8 145 72 95;
90548.8 129 71 0;
90731.7 148 59 79;
90731.7 132 60 0;
90731.7 129 72 0;
90731.7 145 69 95;
90914.6 129 69 0;
91097.5 145 72 95;
91097.5 148 60 79;
91097.5 132 59 0;
91280.5 129 72 0;
91463.4 145 71 95;
91463.4 148 59 79;
91463.4 132 60 0;
91646.3 145 72 95;
91646.3 129 71 0;
91829.3 132 59 0;
91829.3 145 69 95;
91829.3 129 72 0;
91829.3 148 57 79;
92012.2 129 69 0;
92195.1 132 57 0;
92195.1 145 64 95;
92195.1 148 72 79;
92561 132 72 0;
92561 148 71 79;
92743.9 132 71 0;
92743.9 148 72 79;
92926.8 148 69 79;
92926.8 132 72 0;
93292.7 145 62 95;
93292.7 148 72 79;
93292.7 132 69 0;
93292.7 129 64 0;
93658.5 132 72 0;
93658.5 148 71 79;
93841.5 148 72 79;
93841.5 132 71 0;
94024.4 148 69 79;
94024.4 132 72 0;
94390.2 132 69 0;
94390.2 148 72 79;
94390.2 129 62 0;
94390.2 145 60 95;
94756.1 132 72 0;
94756.1 148 71 79;
94939 132 71 0;
94939 148 72 79;
95122 148 69 79;
95122 132 72 0;
95487.8 132 69 0;
95487.8 148 72 79;
95487.8 129 60 0;
95487.8 145 59 95;
95853.7 148 71 79;
95853.7 132 72 0;
96036.6 148 72 79;
96036.6 132 71 0;
96219.5 148 69 79;
96219.5 132 72 0;
96585.4 129 59 0;
96585.4 145 72 95;
96585.4 132 69 0;
96585.4 148 72 79;
96768.3 129 72 0;
96951.2 145 71 95;
96951.2 132 72 0;
96951.2 148 71 79;
97134.2 145 72 95;
97134.2 132 71 0;
97134.2 148 72 79;
97134.2 129 71 0;
97317.1 129 72 0;
97317.1 145 69 95;
97317.1 148 69 79;
97317.1 132 72 0;
97500 129 69 0;
97683 145 72 95;
97683 132 69 0;
97683 148 72 79;
97865.9 129 72 0;
98048.8 148 71 79;
98048.8 132 72 0;
98048.8 145 71 95;
98231.7 145 72 95;
98231.7 148 72 79;
98231.7 129 71 0;
98231.7 132 71 0;
98414.7 129 72 0;
98414.7 145 69 95;
98414.7 148 69 79;
98414.7 132 72 0;
98597.6 129 69 0;
98780.5 148 72 79;
98780.5 132 69 0;
98780.5 145 72 95;
98963.5 129 72 0;
99146.4 145 71 95;
99146.4 132 72 0;
99146.4 148 71 79;
99329.3 148 72 79;
99329.3 129 71 0;
99329.3 145 72 95;
99329.3 132 71 0;
99512.2 132 72 0;
99512.2 129 72 0;
99512.2 145 69 95;
99512.2 148 69 79;
99695.2 129 69 0;
99878.1 132 69 0;
99878.1 148 72 79;
99878.1 145 72 95;
100061 129 72 0;
100244 145 71 95;
100244 132 72 0;
100244 148 71 79;
100427 129 71 0;
100427 148 72 79;
100427 145 72 95;
100427 132 71 0;
100610 148 69 79;
100610 132 72 0;
100610 129 72 0;
100610 145 69 95;
100793 129 69 0;
100976 132 69 0;
100976 148 72 79;
100976 145 64 79;
100976 145 60 79;
101342 129 60 0;
101342 129 64 0;
101342 132 72 0;
101342 148 71 79;
101524 148 72 79;
101524 132 71 0;
101707 132 72 0;
101707 148 64 79;
101890 132 64 0;
101890 148 69 79;
102073 132 69 0;
102073 148 60 79;
102256 132 60 0;
102256 148 62 79;
102439 132 62 0;
102439 148 57 79;
102622 132 57 0;
102805 148 60 79;
102988 132 60 0;
103171 148 57 79;
103171 145 60 79;
103354 132 57 0;
103537 129 60 0;
104268 148 72 79;
104634 148 71 79;
104634 132 72 0;
104817 148 72 79;
104817 132 71 0;
105000 132 72 0;
105000 148 69 79;
105366 132 69 0;
